1.000000000 0.000000000 0.000000000 0.000000000 0.000000000 1.000000000 0.000000000 0.000000000 0.000000000 0.000000000 1.000000000 0.000000000
0.999991238 -0.002525365 -0.003330784 -0.003967208 0.002518159 0.999994457 -0.002165887 -0.005062086 0.003336235 0.002157481 0.999992132 0.666532397
0.999971569 -0.001341247 -0.007409173 -0.012489790 0.001314547 0.999992609 -0.003607434 -0.010242462 0.007413958 0.003597592 0.999966025 1.365333796
0.999938488 -0.001068347 -0.011035989 -0.032414369 0.001013617 0.999987185 -0.004963658 -0.013130005 0.011041151 0.004952166 0.999926805 2.065477371
0.999872804 0.000024043 -0.015948877 -0.051428996 -0.000114625 0.999983966 -0.005678641 -0.014314403 0.015948484 0.005679748 0.999856710 2.799568415
0.999793768 -0.000669366 -0.020296084 -0.068912216 0.000553735 0.999983609 -0.005702338 -0.030822590 0.020299569 0.005689924 0.999777734 3.538686514
0.999690771 0.001084645 -0.024841066 -0.094101891 -0.001259580 0.999974549 -0.007027636 -0.034059014 0.024832815 0.007056753 0.999666631 4.293825626
0.999565959 0.003975181 -0.029192440 -0.131808057 -0.004201933 0.999961495 -0.007710257 -0.043906115 0.029160669 0.007829575 0.999544084 5.053302288
0.999424398 0.003897238 -0.033698779 -0.159437686 -0.004094266 0.999974847 -0.005779731 -0.054253913 0.033675414 0.005914376 0.999415338 5.844244003
0.999262750 0.003261976 -0.038251244 -0.193035468 -0.003396160 0.999988317 -0.003443510 -0.058414042 0.038239561 0.003570879 0.999262214 6.643043995
0.999143779 0.002854325 -0.041275889 -0.237405568 -0.002874546 0.999995768 -0.000430557 -0.067946069 0.041274484 0.000548837 0.999147773 7.447231293
0.999022722 0.004148238 -0.044003442 -0.276143610 -0.004208573 0.999990344 -0.001278574 -0.076375753 0.043997712 0.001462516 0.999030709 8.262301445
0.998933077 0.003660509 -0.046035487 -0.322162420 -0.003732645 0.999991953 -0.001481110 -0.082130499 0.046029694 0.001651364 0.998938739 9.082180023
0.998866439 0.001133766 -0.047585770 -0.366583705 -0.001237755 0.999996901 -0.002155883 -0.088214174 0.047583185 0.002212339 0.998864830 9.909154892
0.998753011 0.000711120 -0.049919359 -0.405374646 -0.000778169 0.999998808 -0.001323730 -0.095896773 0.049918357 0.001360925 0.998752356 10.756024361
0.998667896 -0.000889141 -0.051591169 -0.450020194 0.000797915 0.999998093 -0.001788804 -0.102458775 0.051592652 0.001745255 0.998666704 11.606969833
0.998574257 0.001331156 -0.053364728 -0.502651036 -0.001536121 0.999991596 -0.003800007 -0.114674605 0.053359222 0.003876562 0.998567820 12.468486786
0.998507738 0.001820308 -0.054579541 -0.555005908 -0.002175248 0.999976873 -0.006444461 -0.124242470 0.054566547 0.006553568 0.998488605 13.332948685
0.998400450 0.005649943 -0.056255318 -0.613837719 -0.006097583 0.999951124 -0.007788834 -0.139243662 0.056208562 0.008119396 0.998385966 14.209049225
0.998330057 0.006845964 -0.057360169 -0.669141948 -0.007277654 0.999946713 -0.007320431 -0.151307166 0.057306997 0.007725654 0.998326719 15.105118752
0.998254895 0.005789180 -0.058767699 -0.727086961 -0.006132578 0.999965131 -0.005664652 -0.168814868 0.058732856 0.006015165 0.998255551 15.991758347
0.998183191 0.006819908 -0.059865367 -0.789730906 -0.007106012 0.999964297 -0.004567522 -0.177518129 0.059832085 0.004984628 0.998195946 16.878196716
0.998150706 0.006194295 -0.060472846 -0.850674152 -0.006474601 0.999969125 -0.004440391 -0.192438155 0.060443480 0.004823715 0.998160005 17.784440994
0.998052120 0.006063114 -0.062089261 -0.912959456 -0.006421546 0.999963760 -0.005574914 -0.201626390 0.062053215 0.005962764 0.998054981 18.693248749
0.997975707 0.004891323 -0.063408181 -0.970883369 -0.005292603 0.999966979 -0.006162100 -0.215666920 0.063375935 0.006485220 0.997968674 19.596389771
0.997948647 0.004648563 -0.063852109 -1.031644464 -0.004933327 0.999978542 -0.004302784 -0.228017002 0.063830726 0.004608961 0.997950137 20.521770477
0.997943699 0.005922872 -0.063823760 -1.104167581 -0.006006811 0.999981344 -0.001123345 -0.235194266 0.063815929 0.001504412 0.997960567 21.460514069
0.997982740 0.006736488 -0.063126512 -1.161742091 -0.006573617 0.999974489 0.002787401 -0.249584660 0.063143685 -0.002366809 0.998001635 22.386196136
0.998089612 0.005653360 -0.061523736 -1.219668031 -0.005305042 0.999968946 0.005823395 -0.257032037 0.061554749 -0.005485884 0.998088658 23.317388535
0.998203218 0.006616779 -0.059551947 -1.289679646 -0.006237386 0.999959052 0.006554435 -0.259831607 0.059592873 -0.006171211 0.998203695 24.262189865
0.998271704 0.005929572 -0.058467187 -1.339685917 -0.005713379 0.999976218 0.003864160 -0.273025692 0.058488701 -0.003523436 0.998281777 25.201335907
0.998304367 0.006785869 -0.057811782 -1.394334316 -0.006857286 0.999975920 -0.001037023 -0.277998030 0.057803351 0.001431696 0.998326957 26.145898819
0.998384595 0.005971328 -0.056503288 -1.451356053 -0.006201179 0.999973238 -0.003893436 -0.288932294 0.056478519 0.004237533 0.998394847 27.091592789
0.998429835 0.003566419 -0.055902876 -1.506474495 -0.003718084 0.999989688 -0.002609238 -0.300399542 0.055893000 0.002812993 0.998432755 28.063375473
0.998448789 0.001699337 -0.055650268 -1.568481326 -0.001586736 0.999996603 0.002067484 -0.308809280 0.055653598 -0.001975975 0.998448193 29.034801483
0.998396039 -0.001536936 -0.056595411 -1.617488384 0.001856927 0.999982715 0.005601849 -0.317672700 0.056585811 -0.005697960 0.998381436 30.002588272
0.998287141 -0.008858751 -0.057831801 -1.665044665 0.009169084 0.999944985 0.005102970 -0.325197458 0.057783406 -0.005624495 0.998313308 30.979696274
0.998179197 -0.011003817 -0.059306085 -1.719373226 0.011088488 0.999937832 0.001098764 -0.332365274 0.059290316 -0.001754378 0.998239219 31.949754715
0.998098195 -0.010891115 -0.060673159 -1.780051112 0.010730758 0.999938011 -0.002968194 -0.336843103 0.060701724 0.002311480 0.998153269 32.920040131
0.998023272 -0.010045444 -0.062037002 -1.864152670 0.009856309 0.999945819 -0.003354036 -0.347822517 0.062067334 0.002735951 0.998068154 33.910202026
0.997932374 -0.009597954 -0.063551649 -1.909209013 0.009498351 0.999953151 -0.001869262 -0.368789256 0.063566610 0.001261761 0.997976780 34.888629913
0.997876823 -0.006744411 -0.064779691 -1.980275154 0.006812453 0.999976516 0.000829527 -0.380821317 0.064772576 -0.001269074 0.997899115 35.882934570
0.997792006 -0.006751661 -0.066071399 -2.046041250 0.006925573 0.999973118 0.002403489 -0.393718898 0.066053391 -0.002855764 0.997811913 36.869888306
0.997728169 -0.005505556 -0.067142442 -2.114326715 0.005846165 0.999971032 0.004877495 -0.399402916 0.067113638 -0.005258941 0.997731388 37.847396851
0.997758150 -0.005054506 -0.066731766 -2.182065964 0.005598108 0.999952734 0.007961598 -0.412962615 0.066688351 -0.008317323 0.997739136 38.837409973
0.997733057 0.000619420 -0.067293413 -2.259352207 0.000060373 0.999949038 0.010099441 -0.411623925 0.067296237 -0.010080608 0.997682095 39.820236206
0.997739673 0.001137782 -0.067187816 -2.334892035 -0.000508419 0.999955833 0.009383569 -0.418489456 0.067195512 -0.009328199 0.997696221 40.797920227
0.997723997 0.000959984 -0.067423284 -2.396923065 -0.000430700 0.999968946 0.007864278 -0.425819486 0.067428738 -0.007817338 0.997693479 41.807209015
0.997734785 0.003381737 -0.067185849 -2.478209972 -0.003020667 0.999980390 0.005475065 -0.428536654 0.067203037 -0.005259716 0.997725487 42.800556183
0.997677386 0.002746678 -0.068061404 -2.553447962 -0.002366388 0.999981105 0.005667453 -0.434791118 0.068075687 -0.005493228 0.997665048 43.774833679
0.997596920 0.000429284 -0.069283791 -2.616345406 0.000062133 0.999974847 0.007090510 -0.446644813 0.069285110 -0.007077775 0.997571766 44.761569977
0.997548044 0.000877185 -0.069979846 -2.686352968 -0.000298935 0.999965668 0.008273152 -0.453821033 0.069984697 -0.008231947 0.997514129 45.748668671
0.997523844 0.003788772 -0.070226707 -2.762836695 -0.003464004 0.999982715 0.004745766 -0.468382150 0.070243470 -0.004490749 0.997519791 46.721607208
0.997414529 0.003811089 -0.071760684 -2.834415436 -0.003778369 0.999992669 0.000591702 -0.471316099 0.071762405 -0.000319033 0.997421682 47.683250427
0.997388065 0.004867052 -0.072065070 -2.903300762 -0.004947128 0.999987304 -0.000932707 -0.476453304 0.072059624 0.001286786 0.997399449 48.640190125
0.997375607 0.003922551 -0.072294019 -2.975227356 -0.003744646 0.999989569 0.002596226 -0.487837911 0.072303459 -0.002318696 0.997379959 49.621776581
0.997398436 0.001736583 -0.072065018 -3.050716877 -0.001316430 0.999981821 0.005877274 -0.499254405 0.072073907 -0.005767116 0.997382641 50.590351105
0.997358322 -0.000605908 -0.072636455 -3.111750841 0.001089475 0.999977529 0.006617927 -0.507839918 0.072630815 -0.006679580 0.997336507 51.540550232
0.997320414 -0.003957853 -0.073049366 -3.179381847 0.004363583 0.999975920 0.005395444 -0.515656531 0.073026247 -0.005699743 0.997313678 52.501663208
0.997287869 -0.006931269 -0.073272683 -3.249367237 0.007269194 0.999964118 0.004346217 -0.526995897 0.073239930 -0.004867063 0.997302473 53.451484680
0.997197688 -0.008298116 -0.074350297 -3.320824862 0.008709786 0.999948502 0.005214384 -0.532837510 0.074303195 -0.005847347 0.997218549 54.408294678
0.997053921 -0.011575286 -0.075826362 -3.382929087 0.012320902 0.999880195 0.009372784 -0.537938833 0.075708792 -0.010279422 0.997076988 55.356052399
0.997032642 -0.011964980 -0.076044098 -3.459302187 0.013098771 0.999810040 0.014428390 -0.542425931 0.075857021 -0.015381659 0.997000039 56.288333893
0.997033477 -0.010009533 -0.076314367 -3.542122364 0.011278253 0.999804854 0.016212095 -0.538032770 0.076137200 -0.017024696 0.996952057 57.233585358
0.996922672 -0.008878211 -0.077886164 -3.617068768 0.009863326 0.999876022 0.012272591 -0.540210187 0.077767529 -0.013003041 0.996886730 58.165325165
0.996823132 -0.007014073 -0.079337917 -3.689283371 0.007401806 0.999962091 0.004594090 -0.545898616 0.079302676 -0.005166742 0.996837139 59.070190430
0.996758580 -0.005363771 -0.080271751 -3.770603657 0.005370121 0.999985695 -0.000136767 -0.555858731 0.080271304 -0.000294746 0.996772945 59.990501404
0.996737421 -0.000132442 -0.080713183 -3.860117674 0.000185213 0.999999821 0.000646318 -0.565117776 0.080713063 -0.000659158 0.996737123 60.889205933
0.996600211 0.002193725 -0.082360901 -3.940232277 -0.001917604 0.999992251 0.003431525 -0.581001759 0.082367778 -0.003261923 0.996596634 61.792869568
0.996523678 0.004980159 -0.083161071 -4.017103672 -0.004607887 0.999978423 0.004667832 -0.593974948 0.083182529 -0.004268408 0.996525168 62.669712067
0.996405900 0.005501487 -0.084528290 -4.092607975 -0.005173536 0.999978244 0.004098332 -0.598875403 0.084549002 -0.003646292 0.996412575 63.537868500
0.996280372 0.007153817 -0.085873745 -4.173830986 -0.006725417 0.999963403 0.005276988 -0.610535979 0.085908361 -0.004679821 0.996292055 64.384780884
0.996148944 0.008392639 -0.087275185 -4.252909660 -0.007920799 0.999952078 0.005751271 -0.620766878 0.087319292 -0.005037833 0.996167600 65.225845337
0.996031344 0.007766762 -0.088662736 -4.326160908 -0.007224688 0.999953210 0.006433167 -0.633418918 0.088708557 -0.005767075 0.996040940 66.043395996
0.995931447 0.007424830 -0.089806378 -4.401489735 -0.006771667 0.999948442 0.007575508 -0.639879346 0.089857981 -0.006936549 0.995930433 66.852050781
0.995781481 0.010375413 -0.091168024 -4.481570721 -0.009470984 0.999901533 0.010347499 -0.647974312 0.091266431 -0.009440398 0.995781898 67.653877258
0.995632589 0.011981701 -0.092586242 -4.555192471 -0.010688645 0.999838412 0.014449278 -0.652714372 0.092744410 -0.013396552 0.995599866 68.443389893
0.995448709 0.015061568 -0.094101094 -4.641810417 -0.013603734 0.999777615 0.016114550 -0.654903650 0.094322897 -0.014761081 0.995432198 69.222717285
0.995267630 0.017954996 -0.095497549 -4.721030235 -0.016895968 0.999786556 0.011886674 -0.660410345 0.095690608 -0.010216899 0.995358706 69.971809387
0.995132804 0.017587515 -0.096960902 -4.792070866 -0.017196853 0.999840260 0.004863360 -0.671114087 0.097030967 -0.003172266 0.995276332 70.698204041
0.994992316 0.017001923 -0.098494545 -4.862695694 -0.017174724 0.999852121 -0.000906722 -0.678418994 0.098464556 0.002593799 0.995137155 71.403877258
0.994940162 0.017802300 -0.098878406 -4.937533379 -0.018112417 0.999833465 -0.002239477 -0.682475090 0.098822072 0.004019073 0.995096982 72.098480225
0.994833291 0.020198910 -0.099491857 -5.016742706 -0.020173913 0.999795616 0.001257442 -0.690565169 0.099496923 0.000756195 0.995037556 72.773117065
0.994696796 0.020595942 -0.100767523 -5.090546131 -0.020344384 0.999786794 0.003523516 -0.705530524 0.100818612 -0.001454777 0.994903684 73.434082031
0.994640112 0.017516056 -0.101902843 -5.151661873 -0.017576156 0.999845505 0.000308106 -0.717447758 0.101892479 0.001484605 0.994794250 74.059272766
0.994756818 0.009102413 -0.101863235 -5.205833912 -0.009617747 0.999943256 -0.004569082 -0.735181212 0.101815857 0.005524820 0.994787872 74.659461975
0.994899690 0.005405447 -0.100723945 -5.263233662 -0.006399684 0.999933898 -0.009550401 -0.744718969 0.100665651 0.010146292 0.994868517 75.250892639
0.995201409 0.007742989 -0.097541064 -5.322500229 -0.008761195 0.999911427 -0.010014753 -0.750645220 0.097454883 0.010821272 0.995181084 75.851158142
0.995559812 0.012699866 -0.093271635 -5.388553143 -0.013409857 0.999885619 -0.006989251 -0.763683200 0.093172207 0.008208976 0.995616138 76.427940369
0.995973289 0.011254762 -0.088941865 -5.430912018 -0.011646507 0.999924600 -0.003886778 -0.773672581 0.088891424 0.004906988 0.996029198 76.980270386
0.996528625 0.007470167 -0.082915075 -5.472346306 -0.007494472 0.999971867 0.000018114 -0.779340804 0.082912870 0.000603355 0.996556580 77.531829834
0.997201502 0.003235921 -0.074690282 -5.504882812 -0.002970821 0.999988914 0.003660141 -0.794064343 0.074701309 -0.003428007 0.997200072 78.056266785
0.997935236 0.006642570 -0.063884437 -5.544179916 -0.006382194 0.999970436 0.004278948 -0.816915751 0.063910984 -0.003862390 0.997948110 78.578933716
0.998718858 0.011901435 -0.049183309 -5.555839539 -0.011755062 0.999925554 0.003264261 -0.816471577 0.049218498 -0.002681926 0.998784423 79.069686890
0.999374211 0.016997408 -0.031022888 -5.571445465 -0.016893327 0.999850750 0.003614073 -0.819161594 0.031079683 -0.003087732 0.999512196 79.561698914
0.999839067 0.015602635 -0.008855689 -5.562184334 -0.015569406 0.999871492 0.003808912 -0.819517434 0.008913968 -0.003670422 0.999953568 80.047882080
0.999779165 0.011916479 0.017308835 -5.531900883 -0.012000349 0.999916732 0.004749747 -0.828216553 -0.017250802 -0.004956410 0.999838948 80.513839722
0.998839736 0.010883087 0.046912100 -5.488920212 -0.011212525 0.999914229 0.006765033 -0.841587722 -0.046834450 -0.007283187 0.998876095 80.956108093
0.996763825 0.010136564 0.079744540 -5.433576107 -0.010869187 0.999902606 0.008758423 -0.856355667 -0.079647958 -0.009596837 0.996776879 81.401374817
0.993066072 0.010037730 0.117128350 -5.353829384 -0.011153498 0.999898374 0.008874427 -0.857899129 -0.117027387 -0.010119284 0.993077159 81.825866699
0.987250447 0.010365087 0.158836484 -5.260801315 -0.011867158 0.999893367 0.008511124 -0.858293056 -0.158731312 -0.010287550 0.987268209 82.253868103
0.979017019 0.009777652 0.203544065 -5.138151169 -0.011740324 0.999895513 0.008437221 -0.865542471 -0.203440309 -0.010649856 0.979029417 82.672134399
0.967552304 0.012024344 0.252384394 -5.006372452 -0.014033824 0.999882460 0.006163333 -0.872380257 -0.252280623 -0.009505266 0.967607439 83.064941406
0.952026129 0.013402476 0.305723250 -4.858316422 -0.015293725 0.999875844 0.003791703 -0.886381388 -0.305634499 -0.008285446 0.952112854 83.441139221
0.932124257 0.013753899 0.361877143 -4.686273575 -0.015167679 0.999884367 0.001066256 -0.885124445 -0.361820668 -0.006482720 0.932225168 83.812446594
0.907894909 0.014260674 0.418955296 -4.484989166 -0.015185548 0.999884009 -0.001126943 -0.884504855 -0.418922752 -0.005338921 0.908006191 84.160186768
0.878559411 0.014050158 0.477426380 -4.273563385 -0.014451172 0.999891520 -0.002832736 -0.898778856 -0.477414399 -0.004410644 0.878667235 84.492118835
0.845187247 0.012366336 0.534327209 -4.042087555 -0.011532419 0.999921501 -0.004900200 -0.907030463 -0.534345865 -0.002020501 0.845263541 84.759094238
0.808044910 0.012160379 0.588995337 -3.784862518 -0.010428960 0.999925554 -0.006336904 -0.913549364 -0.589028656 -0.001022106 0.808111608 85.047431946
0.767735958 0.010913063 0.640673399 -3.511589050 -0.009880024 0.999937654 -0.005193181 -0.926719308 -0.640690207 -0.002342877 0.767795920 85.319244385
0.725514889 0.010509407 0.688126266 -3.214763641 -0.011379585 0.999929905 -0.003273547 -0.931770921 -0.688112438 -0.005455584 0.725583553 85.560104370
0.680807471 0.009062644 0.732406497 -2.909019470 -0.009808040 0.999946654 -0.003256083 -0.938399017 -0.732396841 -0.004966705 0.680859923 85.774932861
0.634619117 0.007522408 0.772788405 -2.583328247 -0.005963982 0.999970496 -0.004836161 -0.942248106 -0.772801995 -0.001539777 0.634645402 85.977294922
0.588194907 0.004952997 0.808704019 -2.240726471 0.000459296 0.999979019 -0.006458544 -0.941885233 -0.808719039 0.004170318 0.588180423 86.162635803
0.541771352 0.006392374 0.840501666 -1.913898468 -0.001985720 0.999978065 -0.006325305 -0.963111401 -0.840523601 0.001757868 0.541772068 86.323745728
0.495140105 0.009513058 0.868761003 -1.576858521 -0.005102344 0.999954641 -0.008041626 -0.967297435 -0.868798137 -0.000450986 0.495166272 86.470764160
0.448126346 0.012038627 0.893889129 -1.257591248 -0.007435156 0.999925077 -0.009739274 -0.982101679 -0.893939257 -0.002281780 0.448182255 86.609771729
0.405329764 0.009753303 0.914118528 -0.907249451 0.000013873 0.999943078 -0.010675170 -0.984591722 -0.914170563 0.004339646 0.405306607 86.721900940
0.366430521 0.001580385 0.930444062 -0.532526016 0.015244371 0.999854088 -0.007701869 -0.991804838 -0.930320561 0.017006235 0.366353005 86.805679321
0.330546021 -0.001982722 0.943787754 -0.169433594 0.019109543 0.999806881 -0.004592393 -0.997796953 -0.943596363 0.019553348 0.330520064 86.899505615
0.297700763 0.002173066 0.954656720 0.200105667 0.016678793 0.999832988 -0.007477024 -1.003093958 -0.954513550 0.018148435 0.297614813 86.992980957
0.267007351 0.009311235 0.963649452 0.561828613 0.006403406 0.999914050 -0.011435892 -1.018200874 -0.963673174 0.009224107 0.266924798 87.087654114
0.238205537 0.014798434 0.971101999 0.950126648 0.001243631 0.999878407 -0.015542008 -1.026980758 -0.971213937 0.004909885 0.238158211 87.185142517
0.212408319 0.016327463 0.977044523 1.341230392 0.002644177 0.999847114 -0.017283358 -1.042022347 -0.977177441 0.006254607 0.212332636 87.250579834
0.188713670 0.017745685 0.981871903 1.749397278 0.009659213 0.999754846 -0.019925369 -1.052314281 -0.981984675 0.013244296 0.188496009 87.307739258
0.169271111 0.023728963 0.985283852 2.160700798 0.016584812 0.999499917 -0.026920594 -1.055973053 -0.985429943 0.020897625 0.168792948 87.340980530
0.149266303 0.031008992 0.988310754 2.587654114 0.018761886 0.999239445 -0.034185529 -1.050813794 -0.988618970 0.023645315 0.148570985 87.396301270
0.131868452 0.031474143 0.990767419 3.036917686 0.016533099 0.999286950 -0.033945296 -1.064969540 -0.991129339 0.020856770 0.131254077 87.451309204
0.116388246 0.027304066 0.992828369 3.494242668 0.014371566 0.999471128 -0.029171508 -1.087820768 -0.993099868 0.017663719 0.115934283 87.499633789
0.101781547 0.024191083 0.994512558 3.964826584 0.014693268 0.999558747 -0.025817581 -1.106370926 -0.994698346 0.017240394 0.101381175 87.544006348
0.088698238 0.021721769 0.995821595 4.444633961 0.016952898 0.999584496 -0.023313846 -1.123918772 -0.995914280 0.018949961 0.088293135 87.571586609
0.076883085 0.020543121 0.996828437 4.936901093 0.020268822 0.999548852 -0.022162475 -1.141489863 -0.996834099 0.021908455 0.076432005 87.597610474
0.066793956 0.021312743 0.997539103 5.447489262 0.023316190 0.999465525 -0.022915123 -1.155553341 -0.997494400 0.024789400 0.066261314 87.621009827
0.058784213 0.021906966 0.998030245 5.975436687 0.025674473 0.999395251 -0.023449166 -1.169699430 -0.997940600 0.027002344 0.058186207 87.648086548
0.053281914 0.022071119 0.998335540 6.523929119 0.027174482 0.999353349 -0.023543945 -1.187212229 -0.998209715 0.028383715 0.052647687 87.671119690
0.047748752 0.023108440 0.998591959 7.087071896 0.028478192 0.999294460 -0.024486404 -1.200035810 -0.998453319 0.029607292 0.047056973 87.692855835
0.042048398 0.023813374 0.998831689 7.661087990 0.029031208 0.999264717 -0.025045836 -1.215485454 -0.998693705 0.030050430 0.041326143 87.708374023
0.037528083 0.023747055 0.999013245 8.265211105 0.031722505 0.999185383 -0.024942802 -1.234325290 -0.998791873 0.032627258 0.036744200 87.728790283
0.034518823 0.023595372 0.999125481 8.892179489 0.032789640 0.999156237 -0.024728952 -1.254060507 -0.998866141 0.033614568 0.033716004 87.749061584
0.031455491 0.023096552 0.999238253 9.530015945 0.033869524 0.999134243 -0.024160339 -1.272304535 -0.998931229 0.034603700 0.030645991 87.765220642
0.029142441 0.022405189 0.999324143 10.182178497 0.035957411 0.999078333 -0.023448268 -1.292706966 -0.998928308 0.036616452 0.028309949 87.782768250
0.028468885 0.022143053 0.999349415 10.860679626 0.040556021 0.998905838 -0.023288559 -1.310081959 -0.998771608 0.041192632 0.027539700 87.796073914
0.029621487 0.021860592 0.999322116 11.553130150 0.043790698 0.998772562 -0.023146596 -1.327337503 -0.998601437 0.044446655 0.028627837 87.808799744
0.031958647 0.021937592 0.999248385 12.258759499 0.045206066 0.998704314 -0.023371454 -1.343571424 -0.998466313 0.045919016 0.030925523 87.831268311
0.035492983 0.021945760 0.999128878 12.985069275 0.047581185 0.998587966 -0.023624150 -1.363256574 -0.998236537 0.048378237 0.034398664 87.859832764
0.040365223 0.021278916 0.998958409 13.729971886 0.048635487 0.998546183 -0.023235362 -1.387364864 -0.998000622 0.049522720 0.039271634 87.883369446
0.043979160 0.019732932 0.998837531 14.482015610 0.050057620 0.998505533 -0.021930430 -1.406342030 -0.997777462 0.050963916 0.042925652 87.923965454
0.047766354 0.018073549 0.998695016 15.252546310 0.049779460 0.998550713 -0.020451829 -1.427846432 -0.997617364 0.050691407 0.046797439 87.970268250
0.052245557 0.015853399 0.998508513 16.041429520 0.047119990 0.998721182 -0.018322267 -1.448541760 -0.997521996 0.048006963 0.051431730 88.016609192
0.056184858 0.014723332 0.998311937 16.823314667 0.045781124 0.998801529 -0.017307112 -1.469669104 -0.997370243 0.046676237 0.055443481 88.055252075
0.060211036 0.015686655 0.998062432 17.626031876 0.043205146 0.998898506 -0.018306274 -1.489959002 -0.997250259 0.044223677 0.059466980 88.114547729
0.063153416 0.019510614 0.997813106 18.422626495 0.040844213 0.998920679 -0.022117376 -1.520246744 -0.997167766 0.042151682 0.062288363 88.169685364
0.064623863 0.024732810 0.997603118 19.210906982 0.034945838 0.999023557 -0.027031783 -1.545802951 -0.997297645 0.036608983 0.063696459 88.230293274
0.064845562 0.028046766 0.997501016 20.037155151 0.032588121 0.999012291 -0.030207744 -1.570936441 -0.997362971 0.034465522 0.063867524 88.280197144
0.064786233 0.028116791 0.997502923 20.847171783 0.030343780 0.999085248 -0.030132173 -1.594357014 -0.997437716 0.032220155 0.063873783 88.346031189
0.064594254 0.026425496 0.997561574 21.660133362 0.027312741 0.999228060 -0.028238194 -1.628918767 -0.997537732 0.029070171 0.063822635 88.408622742
0.064280391 0.025342431 0.997609973 22.483100891 0.027822074 0.999243379 -0.027176622 -1.661595583 -0.997543991 0.029502504 0.063526660 88.465888977
0.065284044 0.023666508 0.997586131 23.305007935 0.025672792 0.999347985 -0.025388397 -1.706417322 -0.997536421 0.027268270 0.064633891 88.514663696
0.065484829 0.024103995 0.997562468 24.119821548 0.024029583 0.999380350 -0.025725337 -1.735575676 -0.997564197 0.025655627 0.064865030 88.574157715
0.065802097 0.024469156 0.997532547 24.936521530 0.020790365 0.999448657 -0.025887588 -1.771437168 -0.997616112 0.022442525 0.065257095 88.632766724
0.064896762 0.026270872 0.997546196 25.737575531 0.017856650 0.999462843 -0.027483039 -1.800620556 -0.997732162 0.019596387 0.064392783 88.684349060
0.061677959 0.026108781 0.997754514 26.536270142 0.015418649 0.999513686 -0.027107943 -1.830763340 -0.997976959 0.017055990 0.061245393 88.742111206
0.057825599 0.024518434 0.998025596 27.360788345 0.012972838 0.999595523 -0.025308644 -1.862693906 -0.998242438 0.014410712 0.057484135 88.795150757
0.052542597 0.022250233 0.998370767 28.171150208 0.011095544 0.999677062 -0.022863284 -1.891507268 -0.998557091 0.012278764 0.052278746 88.847183228
0.046840258 0.020045869 0.998701274 28.980278015 0.008947048 0.999750078 -0.020486550 -1.921417952 -0.998862386 0.009895024 0.046649199 88.882644653
0.039568372 0.020643327 0.999003649 29.780324936 0.009401215 0.999734700 -0.021030791 -1.944495440 -0.999172628 0.010224001 0.039363801 88.910469055
0.030968791 0.020570768 0.999308765 30.570072174 0.007674246 0.999753833 -0.020817760 -1.987112999 -0.999490917 0.008313639 0.030803306 88.927345276
0.021107655 0.021066301 0.999555290 31.373300552 0.008273447 0.999740124 -0.021244906 -2.010079861 -0.999742985 0.008718197 0.020927880 88.942535400
0.010489536 0.020163370 0.999741673 32.172916412 0.010093796 0.999743581 -0.020269316 -2.037437916 -0.999894142 0.010303804 0.010283325 88.954963684
-0.000052881 0.019363202 0.999812543 32.954010010 0.008813910 0.999773681 -0.019361980 -2.063288689 -0.999961138 0.008811234 -0.000223534 88.949378967
-0.011536743 0.018724438 0.999758124 33.741157532 0.010306734 0.999773800 -0.018605795 -2.087509632 -0.999880314 0.010089589 -0.011727120 88.941154480
-0.022155995 0.019052470 0.999572992 34.518356323 0.010307743 0.999769628 -0.018827738 -2.113552094 -0.999701381 0.009886193 -0.022347279 88.919639587
-0.033233341 0.019745892 0.999252558 35.297370911 0.010609985 0.999755442 -0.019402958 -2.137418032 -0.999391198 0.009957230 -0.033434719 88.893753052
-0.043544069 0.020624364 0.998838603 36.066436768 0.009825670 0.999747396 -0.020214787 -2.167106152 -0.999003172 0.008934026 -0.043735716 88.848442078
-0.053962685 0.021789022 0.998305202 36.830799103 0.010383211 0.999720216 -0.021258645 -2.190166950 -0.998488963 0.009218438 -0.054173820 88.807838440
-0.063064747 0.022337215 0.997759461 37.588634491 0.011596365 0.999698400 -0.021647660 -2.220036507 -0.997942090 0.010205177 -0.063304752 88.746734619
-0.073026501 0.022929134 0.997066379 38.342857361 0.011903541 0.999684513 -0.022117514 -2.247018099 -0.997258961 0.010253456 -0.073276393 88.697166443
-0.082360961 0.023323422 0.996329606 39.082931519 0.012579409 0.999670863 -0.022361768 -2.274629116 -0.996523142 0.010691502 -0.082627252 88.635566711
-0.090810142 0.022774938 0.995607734 39.811321259 0.013867721 0.999670506 -0.021602988 -2.299683094 -0.995771646 0.011845041 -0.091096066 88.560516357
-0.098180927 0.021448070 0.994937420 40.545223236 0.015498124 0.999679446 -0.020020936 -2.329280138 -0.995047808 0.013453991 -0.098481871 88.484771729
-0.103687264 0.019794684 0.994412899 41.266502380 0.018198648 0.999672353 -0.018001808 -2.355521202 -0.994443476 0.016230412 -0.104013532 88.411499023
-0.107391700 0.018571764 0.994043350 41.973178864 0.021564605 0.999633789 -0.016346473 -2.376372576 -0.993982852 0.019680675 -0.107752882 88.326217651
-0.110023372 0.017058773 0.993782580 42.676811218 0.023047807 0.999627590 -0.014607447 -2.401721239 -0.993661761 0.021297351 -0.110375591 88.248458862
-0.111676842 0.016129764 0.993613601 43.362277985 0.023213653 0.999637783 -0.013618466 -2.423845768 -0.993473351 0.021544540 -0.112010837 88.171066284
-0.112294681 0.016736472 0.993533969 44.037773132 0.024315685 0.999605000 -0.014090449 -2.440580368 -0.993377388 0.022576181 -0.112657286 88.089057922
-0.110736981 0.017582733 0.993694127 44.680053711 0.025137097 0.999573112 -0.014885488 -2.463691235 -0.993531823 0.023330215 -0.111131690 88.020500183
-0.108405828 0.019177258 0.993921638 45.305297852 0.025628574 0.999535501 -0.016490296 -2.482975960 -0.993776321 0.023685154 -0.108846955 87.952667236
-0.103114218 0.019849710 0.994471431 45.939037323 0.026062274 0.999511540 -0.017247984 -2.503189087 -0.994328022 0.024139674 -0.103581183 87.884956360
-0.095192850 0.020593258 0.995245755 46.534282684 0.025704173 0.999503493 -0.018222818 -2.523110867 -0.995126903 0.023847282 -0.095674932 87.833633423
-0.083731845 0.020457100 0.996278346 47.117912292 0.024371421 0.999532282 -0.018475626 -2.547098398 -0.996190190 0.022733718 -0.084191248 87.790702820
-0.070537329 0.020547651 0.997297406 47.661018372 0.023928646 0.999534965 -0.018901318 -2.571352243 -0.997222066 0.022530727 -0.070996195 87.768478394
-0.053210273 0.021442335 0.998353124 48.217720032 0.022713406 0.999536753 -0.020257179 -2.601044655 -0.998325050 0.021598106 -0.053672649 87.751190186
-0.031960215 0.024283007 0.999194086 48.744102478 0.020719890 0.999506056 -0.023627842 -2.618492603 -0.999274373 0.019948041 -0.032447558 87.746688843
-0.007185869 0.027493009 0.999596179 49.269538879 0.018662805 0.999451518 -0.027354870 -2.639303684 -0.999800026 0.018458700 -0.007695014 87.760711670
0.020904697 0.029187398 0.999355316 49.778293610 0.016755780 0.999423087 -0.029539879 -2.660636902 -0.999641061 0.017362500 0.020403583 87.794883728
0.053817444 0.028593501 0.998141348 50.283714294 0.013768297 0.999473572 -0.029374022 -2.684651375 -0.998455822 0.015323541 0.053395435 87.847068787
0.092721596 0.025829634 0.995356917 50.755416870 0.012771795 0.999550283 -0.027128197 -2.711194992 -0.995610178 0.015227864 0.092350021 87.890075684
0.134841815 0.021724708 0.990628958 51.271194458 0.010874058 0.999666929 -0.023403063 -2.737450361 -0.990807474 0.013927870 0.134560689 87.986297607
0.180062428 0.017754043 0.983494937 51.776443481 0.008213391 0.999775112 -0.019551674 -2.752646923 -0.983620882 0.011598351 0.179876089 88.101661682
0.228639662 0.014289897 0.973406255 52.257034302 0.003833068 0.999871254 -0.015578747 -2.771478176 -0.973503590 0.007293052 0.228555471 88.245697021
0.280090600 0.012470580 0.959892571 52.723125458 0.000045676 0.999915361 -0.013003871 -2.792243958 -0.959973574 0.003686105 0.280066341 88.418754578
0.334831685 0.012662035 0.942192793 53.174728394 -0.001059109 0.999914110 -0.013061366 -2.800225258 -0.942277372 0.003375473 0.334816337 88.614334106
0.391501814 0.013352211 0.920080602 53.606224060 0.001143486 0.999886751 -0.014996928 -2.813807487 -0.920176625 0.006923423 0.391442269 88.837226868
0.452487290 0.015896197 0.891629100 54.027397156 0.002372995 0.999816000 -0.019029239 -2.836605072 -0.891767681 0.010726321 0.452366352 89.071777344
0.512654483 0.019693928 0.858369172 54.429130554 0.003371658 0.999682903 -0.024949849 -2.847126484 -0.858588457 0.015684778 0.512425542 89.340835571
0.571571946 0.023940312 0.820202589 54.778915405 0.000398295 0.999566019 -0.029453177 -2.851216793 -0.820551813 0.017161295 0.571314335 89.618789673
0.624754667 0.027527679 0.780335784 55.099578857 -0.004371091 0.999485970 -0.031758983 -2.865166187 -0.780809045 0.016430652 0.624553800 89.963150024
0.678117990 0.027991446 0.734419763 55.425601959 -0.005797347 0.999446988 -0.032739695 -2.885341167 -0.734930098 0.017943691 0.677905381 90.305969238
0.726981699 0.025219213 0.686193705 55.719097137 -0.005544269 0.999508321 -0.030860433 -2.908954144 -0.686634541 0.018630525 0.726763964 90.666526794
0.770927429 0.023400664 0.636492968 55.957557678 -0.008432787 0.999612212 -0.026536854 -2.911628962 -0.636867225 0.015090576 0.770825803 91.050590515
0.812720895 0.019959355 0.582311213 56.212596893 -0.009908665 0.999742031 -0.020437913 -2.912458897 -0.582568944 0.010840391 0.812708974 91.454734802
0.849527597 0.017654978 0.527248740 56.433727264 -0.012163974 0.999829650 -0.013880245 -2.922019482 -0.527404010 0.005378208 0.849597633 91.876609802
0.880398989 0.014565140 0.474010170 56.615390778 -0.013013241 0.999893904 -0.006554184 -2.929931879 -0.474055380 -0.000398112 0.880495071 92.309051514
0.905921876 0.015702702 0.423153490 56.769287109 -0.016930038 0.999856353 -0.000858204 -2.942631483 -0.423106194 -0.006386535 0.906057537 92.732337952
0.925628185 0.017126732 0.378046513 56.881576538 -0.019868936 0.999796987 0.003354074 -2.960032701 -0.377912402 -0.010616006 0.925780475 93.135780334
0.940700412 0.022855381 0.338467747 57.004707336 -0.026375270 0.999635279 0.005803160 -2.964681625 -0.338211656 -0.014386212 0.940960109 93.587150574
0.952505112 0.027210245 0.303304702 57.114078522 -0.030103017 0.999534965 0.004865366 -2.964507103 -0.303031266 -0.013764670 0.952881217 94.046707153
0.961666703 0.029426539 0.272637755 57.219402313 -0.032030180 0.999473870 0.005103104 -2.963118553 -0.272344112 -0.013640120 0.962103248 94.513206482
0.967673957 0.024140542 0.251046538 57.326053619 -0.026324164 0.999639094 0.005343117 -2.966761827 -0.250826955 -0.011778986 0.967960179 94.980636597
0.971731722 0.021485187 0.235108465 57.438945770 -0.023638880 0.999700487 0.006345549 -2.978260517 -0.234901682 -0.011723870 0.971948385 95.459861755
0.974507153 0.025583418 0.222893238 57.524875641 -0.027627978 0.999599934 0.006058852 -2.980188847 -0.222649008 -0.012062485 0.974824011 95.962707520
0.976448298 0.031175381 0.213487938 57.611465454 -0.033456273 0.999415100 0.007078487 -2.982052326 -0.213142425 -0.014054285 0.976920009 96.467689514
0.977657795 0.037344616 0.206859455 57.716957092 -0.039202034 0.999219477 0.004885993 -2.966168404 -0.206515566 -0.012886143 0.978358448 96.960105896
0.977973938 0.043155853 0.204216912 57.807739258 -0.044374093 0.999014020 0.001387764 -2.970144987 -0.203955695 -0.010419138 0.978924751 97.477447510
0.978166103 0.044695314 0.202961877 57.918994904 -0.045382798 0.998968959 -0.001267796 -2.974697828 -0.202809215 -0.007970863 0.979185820 98.018127441
0.977446318 0.044201031 0.206506833 58.016693115 -0.044196725 0.999012113 -0.004636341 -2.988384247 -0.206507742 -0.004595153 0.978434086 98.570465088
0.976848662 0.041971032 0.209774107 58.149429321 -0.040435676 0.999114811 -0.011604581 -2.982908487 -0.210075468 0.002853563 0.977681041 99.111000061
0.976099789 0.041718826 0.213280946 58.287178040 -0.039179701 0.999102175 -0.016119925 -2.989565372 -0.213761926 0.007378372 0.976857901 99.661354065
0.974950731 0.046110589 0.217589140 58.409175873 -0.043638982 0.998916805 -0.016153345 -2.992923737 -0.218098313 0.006253346 0.975906730 100.241233826
0.973455906 0.049379788 0.223484069 58.534160614 -0.047916524 0.998779655 -0.011969087 -3.007065296 -0.223802373 0.000942799 0.974634051 100.834335327
0.972479165 0.046269320 0.228349641 58.676490784 -0.045815796 0.998923302 -0.007289710 -3.018275738 -0.228441074 -0.003372927 0.973551869 101.428367615
0.971759140 0.042227555 0.232166022 58.827163696 -0.043040309 0.999072254 -0.001565930 -3.030594349 -0.232016712 -0.008470789 0.972674847 102.051513672
0.971010029 0.039866723 0.235690683 58.981445312 -0.041831732 0.999119043 0.003340910 -3.041564226 -0.235349849 -0.013103403 0.971822381 102.674682617
0.970441222 0.035135124 0.238766402 59.138969421 -0.037144072 0.999302268 0.003918157 -3.045660019 -0.238462135 -0.012671096 0.971069098 103.312446594
0.970456004 0.031556003 0.239205346 59.298519135 -0.032623906 0.999467552 0.000505285 -3.048350811 -0.239062041 -0.008294170 0.970968843 103.956192017
0.970617294 0.030983595 0.238625452 59.460746765 -0.030391198 0.999519110 -0.006162258 -3.058274984 -0.238701642 -0.001270920 0.971092105 104.601364136
0.970770538 0.033431236 0.237669840 59.619243622 -0.031289019 0.999428570 -0.012781097 -3.068081379 -0.237961352 0.004971055 0.971261859 105.245895386
0.971387863 0.036110908 0.234737337 59.777717590 -0.033122674 0.999312401 -0.016661668 -3.073449612 -0.235177651 0.008409814 0.971916020 105.923141479
0.971962810 0.035035260 0.232509896 59.938018799 -0.032993168 0.999375284 -0.012667150 -3.076915503 -0.232808426 0.004640759 0.972511590 106.619194031
0.972326338 0.030915421 0.231572717 60.100330353 -0.030604366 0.999519348 -0.004936419 -3.093687296 -0.231614023 -0.002287325 0.972805083 107.328536987
0.972930908 0.031124651 0.228990540 60.270751953 -0.032260612 0.999478698 0.001218029 -3.108205557 -0.228833273 -0.008572430 0.973427892 108.055099487
0.973194063 0.034706060 0.227351621 60.428791046 -0.035741262 0.999360919 0.000436766 -3.115679502 -0.227191180 -0.008550891 0.973812699 108.783500671
0.973542988 0.040143635 0.224950090 60.586223602 -0.040226638 0.999181628 -0.004216174 -3.122458935 -0.224935278 -0.004944357 0.974361122 109.513900757
0.974327683 0.041141674 0.221343085 60.747650146 -0.040055923 0.999153197 -0.009393748 -3.129123211 -0.221542165 0.000286488 0.975150764 110.256065369
0.975258231 0.039745752 0.217466116 60.913604736 -0.037963625 0.999202490 -0.012368441 -3.137848854 -0.217784286 0.003806622 0.975989521 111.012825012
0.976200819 0.037623689 0.213579729 61.081001282 -0.036110181 0.999287367 -0.010984610 -3.147347212 -0.213840842 0.003010783 0.976863921 111.788078308
0.977101564 0.033864729 0.210060522 61.252120972 -0.032784026 0.999425173 -0.008625754 -3.164082050 -0.210231870 0.001541609 0.977650344 112.569602966
0.977550328 0.032473486 0.208184630 61.420715332 -0.031960938 0.999472022 -0.005826178 -3.175767660 -0.208263934 -0.000958394 0.978072226 113.363777161
0.977854431 0.029709347 0.207166538 61.584205627 -0.029624784 0.999554813 -0.003511160 -3.185887337 -0.207178622 -0.002703861 0.978299439 114.165000916
0.978009164 0.024862094 0.207074299 61.751304626 -0.024901247 0.999686897 -0.002417778 -3.192749023 -0.207069591 -0.002791801 0.978322208 114.956184387
0.978172004 0.025434259 0.206234410 61.922405243 -0.025770187 0.999667346 -0.001057635 -3.201843977 -0.206192702 -0.004280150 0.978502035 115.757843018
0.977916896 0.030877586 0.206700578 62.081863403 -0.030906996 0.999517500 -0.003087608 -3.208852530 -0.206696168 -0.003369070 0.978399396 116.579132080
0.977576554 0.036697000 0.207358286 62.240158081 -0.036241323 0.999325037 -0.005997173 -3.223214388 -0.207438409 -0.001652244 0.978246748 117.393470764
0.976998866 0.045419995 0.208351135 62.399013519 -0.044783108 0.998966515 -0.007775339 -3.232278347 -0.208488956 -0.001734117 0.978023231 118.214836121
0.976160467 0.051146146 0.210937843 62.570266724 -0.050800391 0.998683870 -0.007061293 -3.247223854 -0.211021364 -0.003822770 0.977473974 119.053703308
0.975419462 0.053133078 0.213854998 62.741542816 -0.053281561 0.998566628 -0.005073807 -3.266853809 -0.213818118 -0.006445438 0.976852238 119.880577087
0.974912345 0.053314168 0.216110140 62.926902771 -0.053276394 0.998561680 -0.006004683 -3.278677464 -0.216119468 -0.005659530 0.976350546 120.712028503
0.974515498 0.052252077 0.218149677 63.105636597 -0.051607225 0.998629928 -0.008656627 -3.292739868 -0.218303144 -0.002822085 0.975876927 121.541343689
0.974559009 0.045913346 0.219377920 63.301704407 -0.045446035 0.998941004 -0.007178864 -3.311488152 -0.219475210 -0.002973630 0.975613594 122.386306763
0.974697828 0.039915118 0.219934180 63.491931915 -0.038900636 0.999203086 -0.008943333 -3.328223705 -0.220115900 0.000161467 0.975473702 123.242919922
0.974517465 0.038503964 0.220982119 63.686466217 -0.037448309 0.999258459 -0.008966204 -3.345172644 -0.221163467 0.000462316 0.975236654 124.065155029
0.973972023 0.041030794 0.222923636 63.873626709 -0.040669434 0.999153376 -0.006213615 -3.358757019 -0.222989857 -0.003014292 0.974816024 124.915817261
0.973536193 0.043146871 0.224422932 64.054008484 -0.044176273 0.999023795 -0.000434669 -3.372147322 -0.224222586 -0.009491001 0.974491775 125.761627197
0.973089933 0.047519445 0.225472480 64.235916138 -0.049583871 0.998763859 0.003498710 -3.387702227 -0.225027502 -0.014584359 0.974243224 126.606765747
0.972960949 0.046262786 0.226289198 64.429824829 -0.046917930 0.998895645 -0.002485274 -3.406133413 -0.226154268 -0.008198944 0.974057019 127.449272156
0.973255277 0.041568242 0.225934178 64.622375488 -0.038708493 0.999104679 -0.017074784 -3.418122768 -0.226441681 0.007872553 0.973992884 128.238601685
